learning_rate: 0.08606281995806275
depth: 9
l2_leaf_reg: 2.3205543780725413
random_strength: 0.9502959936092376
iterations: 793
border_count: 64
min_data_in_leaf: 51
bootstrap_type: No
leaf_estimation_iterations: 2
boosting_type: Ordered
random_seed: 42
verbose: 0
eval_metric: AUC
